geoid,name,population_2010,population_2011,population_2012,population_2013,population_2014,population_2015,population_2016,population_2017,population_2018,population_2019,population_2020,population_2021
24001,"Allegany County, Maryland",1091,1109,1089,1125,1150,1184,1233,1257,1261,1277,1325,1340
24003,"Anne Arundel County, Maryland",28930,30990,32839,34854,36666,38114,39402,41275,42640,44621,46230,48638
24005,"Baltimore County, Maryland",30286,32203,33958,35842,37830,39642,40850,42438,43484,44807,46179,49211
24009,"Calvert County, Maryland",2404,2478,2515,2658,2808,2982,3092,3276,3427,3641,3818,4018
24011,"Caroline County, Maryland",1661,1740,1795,1852,1920,1985,2101,2247,2304,2417,2510,2557
24013,"Carroll County, Maryland",4085,4281,4380,4566,4682,4864,5096,5368,5632,5921,6217,6691
24015,"Cecil County, Maryland",3089,3275,3436,3664,3852,3984,4087,4231,4386,4525,4700,4842
24017,"Charles County, Maryland",5959,6225,6422,6815,7244,7651,7939,8358,8757,9212,9779,10524
24019,"Dorchester County, Maryland",1024,1101,1162,1240,1317,1413,1516,1615,1715,1815,1840,1923
24021,"Frederick County, Maryland",15554,16540,17293,17971,18809,19549,20485,21623,22855,24101,25528,27867
24023,"Garrett County, Maryland",194,208,227,240,260,279,301,316,331,330,345,352
24025,"Harford County, Maryland",7996,8356,8714,9159,9609,9959,10208,10608,11069,11489,11856,12396
24027,"Howard County, Maryland",15275,16144,16839,17609,18344,19032,19595,20343,21200,22012,22713,23819
24029,"Kent County, Maryland",822,869,896,893,874,858,870,851,848,859,873,900
24031,"Montgomery County, Maryland",151842,158814,166124,173135,180397,186225,190550,197242,200307,203754,204620,208216
24033,"Prince George's County, Maryland",119265,124454,129470,134192,140455,144996,150268,157427,162372,167498,171094,185394
24035,"Queen Anne's County, Maryland",1267,1365,1428,1527,1591,1639,1668,1805,1871,1955,2065,2142
24037,"St. Mary's County, Maryland",3623,3836,4056,4375,4648,4939,5136,5377,5521,5819,6007,6186
24039,"Somerset County, Maryland",793,830,866,914,938,925,937,906,899,930,946,948
24041,"Talbot County, Maryland",1800,1946,2030,2105,2228,2256,2298,2427,2412,2513,2545,2647
24043,"Washington County, Maryland",4657,4950,5155,5452,5744,6020,6283,6698,7155,7616,8169,8862
24045,"Wicomico County, Maryland",4044,4280,4470,4711,4896,4993,4968,5145,5198,5376,5550,5695
24047,"Worcester County, Maryland",1473,1566,1586,1639,1711,1690,1726,1741,1765,1811,1882,1943
24510,"Baltimore city, Maryland",22812,24301,25535,26772,27751,28492,29537,30729,31503,32183,32627,33246
